



36,1;37,2;28,3;29,3;37,3;39,3;40,3;28,4;30,4;31,4;32,4;33,4;34,4;35,4;36,4;37,4;38,4;40,4;28,5;29,5;39,5;40,5;29,6;30,6;38,6;39,6;30,7;31,7;32,7;33,7;34,7;35,7;36,7;37,7;38,7;32,8;37,8;31,9;37,9;31,10;38,10;30,11;38,11;30,12;29,13;28,14;29,14;30,14;40,14;27,15;31,15;41,15;26,16;32,16;36,16;42,16;26,17;29,17;32,17;36,17;39,17;42,17;26,18;28,18;29,18;30,18;32,18;36,18;38,18;39,18;40,18;42,18;26,19;29,19;32,19;36,19;39,19;42,19;27,20;31,20;37,20;41,20;28,21;29,21;30,21;38,21;39,21;40,21;29,22;39,22;29,23;30,23;38,23;39,23;30,24;31,24;36,24;37,24;38,24;36,25;25,27;26,27;29,27;31,27;36,27;37,27;40,27;41,27;21,28;25,28;26,28;27,28;36,28;37,28;38,28;39,28;40,28;41,28;42,28;43,28;44,28;45,28;20,29;21,29;41,29;42,29;43,29;44,29;18,30;19,30;20,30;21,30;22,30;36,30;37,30;38,30;39,30;40,30;44,30;49,30;17,31;18,31;19,31;20,31;27,31;41,31;47,31;48,31;49,31;50,31;15,32;16,32;17,32;18,32;26,32;41,32;50,32;15,33;16,33;17,33;26,33;42,33;15,34;16,34;25,34;43,34;51,34;14,35;15,35;16,35;24,35;44,35;50,35;51,35;52,35;14,36;15,36;23,36;44,36;51,36;52,36;13,37;14,37;23,37;45,37;14,38;22,38;46,38;21,39;46,39;53,39;54,39;55,39;12,40;13,40;21,40;47,40;54,40;55,40;56,40;11,41;12,41;20,41;48,41;55,41;10,42;11,42;19,42;49,42;58,42;11,43;19,43;49,43;56,43;57,43;58,43;11,44;18,44;57,44;58,44;59,44;17,45;57,45;58,45;59,45;8,46;9,46;10,46;16,46;52,46;8,47;9,47;10,47;16,47;52,47;8,48;9,48;15,48;52,48;53,48;57,48;58,48;59,48;8,49;9,49;15,49;52,49;53,49;57,49;58,49;59,49;8,50;9,50;15,50;52,50;57,50;58,50;59,50;8,51;9,51;15,51;52,51;57,51;58,51;59,51;15,52;16,52;51,52;52,52;57,52;58,52;59,52;16,53;50,53;51,53;8,54;9,54;16,54;17,54;49,54;50,54;7,55;8,55;9,55;17,55;18,55;47,55;48,55;49,55;50,55;57,55;58,55;59,55;7,56;8,56;9,56;18,56;19,56;21,56;22,56;23,56;45,56;46,56;47,56;48,56;57,56;58,56;59,56;19,57;20,57;21,57;22,57;23,57;24,57;25,57;26,57;27,57;40,57;41,57;42,57;43,57;44,57;45,57;58,57;59,57;21,58;22,58;23,58;28,58;29,58;30,58;31,58;32,58;33,58;34,58;35,58;36,58;37,58;38,58;39,58;44,58;45,58;46,58;59,58;7,59;8,59;9,59;21,59;22,59;23,59;44,59;45,59;46,59;58,59;7,60;8,60;9,60;21,60;22,60;45,60;46,60;58,60;59,60;7,61;8,61;9,61;21,61;22,61;45,61;46,61;58,61;59,61;21,62;22,62;45,62;46,62;21,63;45,63;46,63;













39,12;39,13;38,14;39,14;37,15;






33,1;34,1;35,1;32,2;32,3;32,24;33,25;34,25;35,25;33,26;34,26;35,26;32,27;33,27;32,28;35,28;33,29;34,29;35,29;32,30;33,30;34,30;35,30;

23,27;24,27;27,27;28,27;30,27;38,27;39,27;22,28;23,28;24,28;22,29;23,29;24,29;














